63
NULL 0 NULL 0
Joined 7 0,69,188,255,486,1218,0,30,486,1188 Latin 1 0 1 Joined	# Joined [4a 6f 69 6e 65 64 ]a
|Broken|0|1 15 0,69,186,255,892,2138,0,80,892,2058 Common 12 10 12 |Broken|0|1	# Broken
_ 16 0,50,0,64,73,248,0,29,75,259 Common 3 10 3 _	# _ [5f ]p
. 16 26,67,73,112,13,51,0,67,30,173 Common 4 6 4 .	# . [2e ]p
v 3 59,68,187,197,84,173,0,32,84,218 Latin 43 0 5 v	# v [76 ]a
t 3 58,66,206,254,57,167,0,47,59,180 Latin 61 0 6 t	# t [74 ]a
a 3 58,65,186,200,85,164,0,26,97,185 Latin 54 0 7 a	# a [61 ]a
w 3 59,68,187,195,108,235,0,32,117,286 Latin 36 0 8 w	# w [77 ]a
e 3 58,64,189,200,87,154,0,32,98,188 Latin 50 0 9 e	# e [65 ]a
O 5 57,64,219,255,91,209,0,34,106,233 Latin 39 0 10 O	# O [4f ]A
i 3 59,69,216,255,11,141,0,54,27,173 Latin 13 0 11 i	# i [69 ]a
| 0 0,67,216,255,8,73,0,80,50,173 Common 12 10 12 |	# | [7c ]
I 5 59,68,216,255,10,155,0,50,29,173 Latin 11 0 13 I	# I [49 ]A
H 5 59,68,216,255,91,258,0,27,107,244 Latin 14 0 14 H	# H [48 ]A
S 5 57,64,219,255,87,174,0,30,100,200 Latin 15 0 15 S	# S [53 ]A
7 8 12,68,196,255,72,160,0,60,75,173 Common 16 2 16 7	# 7 [37 ]0
& 16 53,64,194,255,108,232,0,47,112,239 Common 17 10 17 &	# & [26 ]p
' 16 148,225,216,255,11,51,0,97,36,173 Common 18 10 18 '	# ' [27 ]p
( 16 0,64,216,255,42,118,0,97,61,173 Common 19 10 20 (	# ( [28 ]p
) 16 0,64,216,255,42,119,0,53,61,173 Common 20 10 19 )	# ) [29 ]p
* 16 78,183,188,255,49,134,0,60,53,173 Common 21 10 21 *	# * [2a ]p
+ 0 54,102,171,253,90,176,0,37,103,213 Common 22 3 22 +	# + [2b ]
, 16 14,46,79,115,17,78,0,58,30,173 Common 23 6 23 ,	# , [2c ]p
- 16 105,161,122,175,49,176,0,43,56,215 Common 24 3 24 -	# - [2d ]p
/ 16 0,65,219,255,59,228,0,36,62,238 Common 25 6 25 /	# / [2f ]p
< 0 29,102,173,255,69,184,0,50,90,256 Common 26 10 28 <	# < [3c ]
= 0 74,139,144,199,90,186,0,32,103,224 Common 27 10 27 =	# = [3d ]
> 0 29,102,173,255,78,184,0,50,90,256 Common 28 10 26 >	# > [3e ]
2 8 30,69,194,255,80,160,0,27,97,173 Common 29 2 29 2	# 2 [32 ]0
@ 16 0,65,211,255,99,286,0,39,117,291 Common 30 10 30 @	# @ [40 ]p
M 5 57,68,216,255,99,301,0,35,117,286 Latin 31 0 31 M	# M [4d ]A
{ 16 0,44,216,255,54,148,0,71,59,173 Common 32 10 33 {	# { [7b ]p
} 16 0,44,216,255,54,148,0,56,59,173 Common 33 10 32 }	# } [7d ]p
© 0 28,125,209,255,118,232,0,32,119,257 Common 34 10 34 ©	# © [a9 ]
— 16 110,155,132,167,126,297,0,23,136,298 Common 35 10 35 -	# — [2014 ]p
W 5 54,68,216,255,106,314,0,41,117,318 Latin 8 0 36 W	# W [57 ]A
F 5 57,68,216,255,68,210,0,31,77,209 Latin 45 0 37 F	# F [46 ]A
: 16 58,85,141,221,11,69,0,67,38,173 Common 38 6 38 :	# : [3a ]p
o 3 58,66,188,200,87,151,0,32,98,185 Latin 10 0 39 o	# o [6f ]a
r 3 59,68,186,202,58,173,0,40,69,180 Latin 40 0 40 r	# r [72 ]a
1 8 49,69,192,255,45,128,0,66,74,173 Common 41 2 41 1	# 1 [31 ]0
» 16 0,133,146,235,63,284,0,32,71,294 Common 42 10 42 »	# » [bb ]p
V 5 59,68,216,255,103,207,0,41,101,245 Latin 5 0 43 V	# V [56 ]A
z 3 46,68,186,199,65,151,0,32,68,173 Latin 44 0 44 z	# z [7a ]a
f 3 0,68,216,255,54,175,0,42,55,193 Latin 37 0 45 f	# f [66 ]a
d 3 57,65,216,255,88,174,0,28,100,200 Latin 46 0 46 d	# d [64 ]a
é 3 0,64,222,255,87,384,0,32,98,391 Latin 47 0 47 é	# é [e9 ]a
C 5 58,65,219,255,87,192,0,32,107,209 Latin 48 0 48 C	# C [43 ]A
G 5 58,64,219,255,91,230,0,30,106,230 Latin 49 0 49 G	# G [47 ]A
E 5 59,68,216,255,68,210,0,31,80,219 Latin 9 0 50 E	# E [45 ]A
¥ 0 59,75,209,255,91,238,0,52,91,270 Common 51 4 51 ¥	# ¥ [a5 ]
§ 0 9,66,219,255,82,207,0,86,93,293 Common 52 10 52 §	# § [a7 ]
" 16 151,225,216,255,52,115,0,71,71,173 Common 53 10 53 "	# " [22 ]p
A 5 52,68,216,255,100,216,0,17,98,231 Latin 7 0 54 A	# A [41 ]A
K 5 57,68,216,255,92,225,0,37,103,216 Latin 55 0 55 K	# K [4b ]A
® 0 28,163,209,255,83,223,0,48,92,257 Common 56 10 56 ®	# ® [ae ]
? 16 40,67,219,255,59,144,0,65,77,188 Common 57 10 57 ?	# ? [3f ]p
3 8 0,66,196,255,84,158,0,32,103,173 Common 58 2 58 3	# 3 [33 ]0
° 0 66,247,209,255,22,399,0,98,66,409 Common 59 4 59 °	# ° [b0 ]
U 5 58,64,216,255,91,214,0,39,106,220 Latin 62 0 60 U	# U [55 ]A
T 5 59,68,216,255,85,227,0,47,88,236 Latin 6 0 61 T	# T [54 ]A
u 3 57,65,187,202,85,184,0,39,100,208 Latin 60 0 62 u	# u [75 ]a
