[255,255,255] [255,255,255] [255,255,255] [255,255,255] [255,255,255] [255,255,255] [255,255,255] [255,255,255] [255,255,255] [255,255,255] [255,255,255] [255,255,255] [255,255,255] [255,255,255] [255,255,255] [255,255,255] [255,255,255] [255,255,255] [255,255,255] [255,255,255] [255,255,255] [255,255,255] [255,255,255] [255,255,255] [255,255,255] 
[255,255,255] [255,255,255] [255,255,255] [255,255,255] [255,255,255] [255,255,255] [255,255,255] [255,255,255] [255,255,255] [255,255,255] [255,255,255] [255,255,255] [255,255,255] [255,255,255] [255,255,255] [255,255,255] [255,255,255] [255,255,255] [255,255,255] [255,255,255] [255,255,255] [255,255,255] [255,255,255] [255,255,255] [255,255,255] 
[255,255,255] [255,255,255] [255,255,255] [255,255,255] [255,255,255] [255,255,255] [255,255,255] [255,255,255] [255,255,255] [255,255,255] [255,255,255] [255,255,255] [255,255,255] [255,255,255] [255,255,255] [255,255,255] [255,255,255] [255,255,255] [255,255,255] [255,255,255] [255,255,255] [255,255,255] [255,255,255] [255,255,255] [255,255,255] 
[255,255,255] [255,255,255] [255,255,255] [255,255,255] [255,255,255] [255,255,255] [255,255,255] [255,255,255] [255,255,255] [255,255,255] [255,255,255] [255,255,255] [255,255,255] [255,255,255] [255,255,255] [255,255,255] [255,255,255] [255,255,255] [255,255,255] [255,255,255] [255,255,255] [255,255,255] [255,255,255] [255,255,255] [255,255,255] 
[255,255,255] [255,255,255] [255,255,255] [255,255,255] [255,255,255] [255,255,255] [255,253,244] [255,226,221] [255,255,255] [255,255,255] [255,255,255] [255,255,255] [255,255,255] [255,255,255] [255,255,255] [255,255,255] [255,255,255] [255,255,255] [255,255,255] [255,255,255] [255,255,255] [255,255,255] [255,255,255] [255,255,255] [255,255,255] 
[255,255,255] [255,255,255] [255,255,255] [255,255,255] [255,255,255] [255,255,255] [205,169,208] [117,137,219] [255,255,255] [255,255,255] [255,255,255] [255,255,255] [255,255,255] [255,255,255] [255,255,255] [255,255,255] [255,255,255] [255,253,237] [255,255,255] [255,255,255] [255,255,255] [255,255,255] [255,255,255] [255,255,255] [255,255,255] 
[255,255,255] [255,255,255] [255,255,255] [255,255,255] [255,255,255] [243,196,211] [85,103,199] [205,184,211] [255,196,211] [255,196,211] [255,196,211] [255,196,211] [255,255,255] [255,255,255] [255,255,255] [255,255,255] [255,240,226] [161,125,199] [255,255,255] [255,255,255] [255,255,255] [255,255,255] [255,255,255] [255,255,255] [255,255,255] 
[255,255,255] [255,255,255] [255,255,255] [255,255,255] [255,255,255] [78,101,211] [60,101,211] [60,101,211] [60,101,211] [60,101,211] [60,101,211] [60,101,211] [255,255,255] [255,255,255] [255,255,253] [243,196,211] [123,108,201] [78,155,231] [255,255,255] [255,255,255] [255,255,255] [255,255,255] [255,255,255] [255,255,255] [255,255,255] 
[255,255,255] [255,255,255] [255,255,255] [255,255,255] [255,255,255] [192,255,255] [192,255,255] [192,255,255] [192,255,255] [192,255,255] [192,255,255] [192,255,255] [255,255,255] [255,253,237] [218,167,204] [78,103,206] [129,196,246] [255,255,255] [255,255,255] [255,255,255] [255,255,255] [255,255,255] [255,255,255] [255,255,255] [255,255,255] 
[255,255,255] [255,255,255] [255,255,255] [255,255,255] [255,255,255] [255,255,255] [255,255,255] [255,255,255] [255,255,255] [255,255,255] [255,255,255] [255,255,255] [255,240,224] [161,125,199] [60,125,219] [173,233,255] [255,255,255] [255,255,255] [255,255,255] [255,255,255] [255,255,255] [255,255,255] [255,255,255] [255,255,255] [255,255,255] 
[255,255,255] [255,255,255] [255,255,255] [255,255,255] [255,255,255] [255,255,255] [255,255,255] [255,255,255] [255,255,255] [255,255,255] [255,255,253] [243,196,211] [117,103,201] [91,162,235] [218,253,255] [255,255,255] [255,255,255] [255,255,255] [255,255,255] [255,255,255] [255,255,255] [255,255,255] [255,255,255] [255,255,255] [255,255,255] 
[255,255,255] [255,255,255] [255,255,255] [255,255,255] [255,255,255] [255,255,255] [255,255,255] [255,255,255] [255,255,255] [255,253,237] [211,162,202] [78,108,210] [129,196,246] [255,255,255] [255,255,255] [255,255,255] [255,255,255] [255,255,255] [255,255,255] [255,255,255] [255,255,255] [255,255,255] [255,255,255] [255,255,255] [255,255,255] 
[255,255,255] [255,255,255] [255,255,255] [255,255,255] [255,255,255] [255,255,255] [255,255,255] [255,255,255] [255,233,222] [161,125,199] [60,125,219] [186,240,255] [255,255,255] [255,255,255] [255,255,255] [255,255,255] [255,255,255] [255,255,242] [255,255,255] [255,255,255] [255,255,255] [255,255,255] [255,255,255] [255,255,255] [255,255,255] 
[255,255,255] [255,255,255] [255,255,255] [255,255,255] [255,255,255] [255,255,255] [255,255,253] [243,196,211] [110,103,201] [97,167,237] [218,253,255] [255,240,230] [205,157,201] [255,255,255] [255,255,255] [255,255,255] [255,224,219] [167,128,199] [255,255,255] [255,255,255] [255,255,255] [255,255,255] [255,255,255] [255,255,255] [255,255,255] 
[255,255,255] [255,255,255] [255,255,255] [255,255,255] [255,255,255] [255,253,237] [198,155,201] [78,111,211] [129,196,246] [255,255,255] [255,255,255] [142,125,201] [60,123,217] [255,255,255] [255,255,255] [249,219,219] [97,103,199] [60,101,199] [255,255,255] [255,255,255] [255,255,255] [255,255,255] [255,255,255] [255,255,255] [255,255,255] 
[255,255,255] [255,255,255] [255,255,255] [255,255,255] [255,255,255] [161,125,199] [60,125,219] [192,240,255] [255,255,255] [255,255,255] [255,255,255] [66,101,199] [218,250,255] [255,255,255] [255,240,233] [104,103,199] [91,155,230] [60,101,199] [255,255,255] [255,255,255] [255,255,255] [255,255,255] [255,255,255] [255,255,255] [255,255,255] 
[255,255,255] [255,255,255] [255,255,255] [255,255,255] [255,255,255] [97,169,237] [224,255,255] [255,255,255] [255,255,255] [255,255,255] [255,255,255] [60,101,199] [249,233,222] [255,245,228] [148,125,199] [66,128,219] [237,253,255] [60,101,199] [255,255,255] [255,255,255] [255,255,255] [255,255,255] [255,255,255] [255,255,255] [255,255,255] 
[255,255,255] [255,255,255] [255,255,255] [255,255,255] [255,255,255] [255,255,255] [255,255,255] [255,255,255] [255,255,255] [255,255,255] [255,255,255] [85,137,222] [117,103,199] [129,108,199] [60,125,219] [218,250,255] [255,255,255] [60,101,199] [255,255,255] [255,255,255] [255,255,255] [255,255,255] [255,255,255] [255,255,255] [255,255,255] 
[255,255,255] [255,255,255] [255,255,255] [255,255,255] [255,255,255] [255,255,255] [255,255,255] [255,255,255] [255,255,255] [255,255,255] [255,255,255] [218,253,255] [110,179,244] [117,187,248] [218,253,255] [255,255,255] [255,255,255] [97,169,239] [255,255,255] [255,255,255] [255,255,255] [255,255,255] [255,255,255] [255,255,255] [255,255,255] 
[255,255,255] [255,255,255] [255,255,255] [255,255,255] [255,255,255] [255,255,255] [255,255,255] [255,255,255] [255,255,255] [255,255,255] [255,255,255] [255,255,255] [255,255,255] [255,255,255] [255,255,255] [255,255,255] [255,255,255] [255,255,255] [255,255,255] [255,255,255] [255,255,255] [255,255,255] [255,255,255] [255,255,255] [255,255,255] 
[255,255,255] [255,255,255] [255,255,255] [255,255,255] [255,255,255] [255,255,255] [255,255,255] [255,255,255] [255,255,255] [255,255,255] [255,255,255] [255,255,255] [255,255,255] [255,255,255] [255,255,255] [255,255,255] [255,255,255] [255,255,255] [255,255,255] [255,255,255] [255,255,255] [255,255,255] [255,255,255] [255,255,255] [255,255,255] 
[255,255,255] [255,255,255] [255,255,255] [255,255,255] [255,255,255] [255,255,255] [255,255,255] [255,255,255] [255,255,255] [255,255,255] [255,255,255] [255,255,255] [255,255,255] [255,255,255] [255,255,255] [255,255,255] [255,255,255] [255,255,255] [255,255,255] [255,255,255] [255,255,255] [255,255,255] [255,255,255] [255,255,255] [255,255,255] 
[255,255,255] [255,255,255] [255,255,255] [255,255,255] [255,255,255] [255,255,255] [255,255,255] [255,255,255] [255,255,255] [255,255,255] [255,255,255] [255,255,255] [255,255,255] [255,255,255] [255,255,255] [255,255,255] [255,255,255] [255,255,255] [255,255,255] [255,255,255] [255,255,255] [255,255,255] [255,255,255] [255,255,255] [255,255,255] 
[255,255,255] [255,255,255] [255,255,255] [255,255,255] [255,255,255] [255,255,255] [255,255,255] [255,255,255] [255,255,255] [255,255,255] [255,255,255] [255,255,255] [255,255,255] [255,255,255] [255,255,255] [255,255,255] [255,255,255] [255,255,255] [255,255,255] [255,255,255] [255,255,255] [255,255,255] [255,255,255] [255,255,255] [255,255,255] 
[255,255,255] [255,255,255] [255,255,255] [255,255,255] [255,255,255] [255,255,255] [255,255,255] [255,255,255] [255,255,255] [255,255,255] [255,255,255] [255,255,255] [255,255,255] [255,255,255] [255,255,255] [255,255,255] [255,255,255] [255,255,255] [255,255,255] [255,255,255] [255,255,255] [255,255,255] [255,255,255] [255,255,255] [255,255,255] 
